SD-root-22
  0.99999999999999989        4.4305569901889261E-009
  0.99391541552276985        7.7582159543162187E-004
  0.98533390156228873        1.9870782995960882E-003
  0.97530743325483049        3.4599649363530639E-003
  0.96437391533888506        5.0349480759408101E-003
  0.95304300129610509        6.5940767581018920E-003
  0.94155497823170764        8.1078410211092820E-003
  0.92993431657446357        9.5951741254877900E-003
  0.91820614966075342        1.1068730065276523E-002
  0.90641437842714512        1.2533028354702214E-002
  0.89459361530732995        1.3988480532535985E-002
  0.88276244312187413        1.5435506768405244E-002
  0.87092842457806352        1.6873810770416952E-002
  0.85909308532707951        1.8302387564209318E-002
  0.84725314887336356        1.9719743891585158E-002
  0.83540592490321497        2.1125449054880365E-002
  0.82355294962832581        2.2520286873316215E-002
  0.81169995541491580        2.3905296258026988E-002
  0.79985309063418464        2.5280610308195096E-002
  0.78801441102530101        2.6644864552050371E-002
  0.77618141147117503        2.7997428367452795E-002
  0.76434816143792783        2.9339315529274417E-002
  0.75251010769512927        3.0671996949904873E-002
  0.74066639099215104        3.1995365434077702E-002
  0.72881992622549863        3.3307444564371021E-002
  0.71697613971872964        3.4605220574065614E-002
  0.70513924029431374        3.5885078963315088E-002
  0.69331102085045415        3.7143471663873572E-002
  0.68149087610206738        3.8377509678199313E-002
  0.66967644113068170        3.9585079755067802E-002
  0.65786556328583112        4.0764268181763180E-002
  0.64605700194862448        4.1913364038425931E-002
  0.63425043565182793        4.3031196958141352E-002
  0.62244636294323086        4.4117279911479165E-002
  0.61064559244544458        4.5171616554642934E-002
  0.59884895127368631        4.6193424066132929E-002
  0.58705727212131942        4.7181067864438063E-002
  0.57527136298002401        4.8133278417198999E-002
  0.56349163668441737        4.9048839141399979E-002
  0.55171769425184236        4.9927247257322997E-002
  0.53994828488459479        5.0768719136342587E-002
  0.52818132758532188        5.1573486796696620E-002
  0.51641457116614076        5.2341684911390796E-002
  0.50464712926339106        5.3072779250947798E-002
  0.49287987738951339        5.3765014921185475E-002
  0.48111545239952430        5.4416512102733343E-002
  0.46935787952531111        5.5025946959962567E-002
  0.45761047558190548        5.5592682414874896E-002
  0.44587458014426962        5.6116533135276973E-002
  0.43414952383392774        5.6597446865404584E-002
  0.42243276449185935        5.7035346076741052E-002
  0.41072146750944216        5.7430058210720933E-002
  0.39901447961001446        5.7780669999176353E-002
  0.38731256753521981        5.8085670803277110E-002
  0.37561838404006465        5.8343240361086478E-002
  0.36393563378065785        5.8551392599012091E-002
  0.35226706109889394        5.8708448141423508E-002
  0.34061391422137943        5.8812833504516264E-002
  0.32897597552504637        5.8862830839375123E-002
  0.31735213151063424        5.8856427699750087E-002
  0.30574203739045608        5.8791263432531611E-002
  0.29414666032038306        5.8664798602422547E-002
  0.28256826177455530        5.8474748897153497E-002
  0.27101019696468437        5.8218581855823327E-002
  0.25947602291806759        5.7894228455351533E-002
  0.24796904921665930        5.7499762633120940E-002
  0.23649234267217728        5.7033360434178969E-002
  0.22504903167005971        5.6492061444313908E-002
  0.21364242880002110        5.5871720561601119E-002
  0.20227589725563389        5.5167944981497498E-002
  0.19095310018719744        5.4376355380535285E-002
  0.17967974561891137        5.3491963962360140E-002
  0.16846444581955494        5.2509397498283809E-002
  0.15731853524271699        5.1422284455206795E-002
  0.14625626343560333        5.0224124421855310E-002
  0.13529329045038277        4.8908906747360398E-002
  0.12444556685567612        4.7468757805242477E-002
  0.11373125512063320        4.5893615135679321E-002
  0.10317228738110505        4.4170054481749828E-002
   9.2793103976450811E-002   4.2295265644269463E-002
   8.2633212568739026E-002   4.0260198674431917E-002
   7.2763198071418955E-002   3.8061678385868630E-002
   6.3274482165413329E-002   3.5696008775326783E-002
   5.4268283272257051E-002   3.3183966273471199E-002
   4.5829167756701900E-002   3.0552517253325549E-002
   3.8068148869754369E-002   2.7837226769218709E-002
   3.1175185874461966E-002   2.5108606363571904E-002
   2.5259943846663555E-002   2.2455749781201292E-002
   2.0307783531696110E-002   1.9941445595759288E-002
   1.6198946241886704E-002   1.7597235695236947E-002
   1.2791199543061788E-002   1.5430677683609173E-002
   9.9856316255865028E-003   1.3448532916596291E-002
   7.6855222800593787E-003   1.1641622647511467E-002
   5.7947689790527109E-003   9.9641945628034696E-003
   4.2527435434448263E-003   8.3829416652945899E-003
   3.0122152246411806E-003   6.8813517120537874E-003
   2.0267113237104799E-003   5.4413655759080496E-003
   1.2564389411406720E-003   4.0866055905689263E-003
   6.7621605781985577E-004   2.7054687681956403E-003
   2.8812179309022936E-004   1.4027077467838902E-003
   9.6390385664036531E-005   1.5939817545854580E-004
   7.6097631088416836E-005  -3.5027890739051861E-004
   1.1076349403585080E-004  -1.0292166673095736E-003
   3.5462254880300854E-004  -2.1797419512905977E-003
   8.4758681542117546E-004  -3.3109652918974167E-003
   1.5899274333333966E-003  -4.3903944403513497E-003
   2.5970218958380619E-003  -5.5166945974892117E-003
   3.8966460853259196E-003  -6.6638654234726560E-003
   5.5045999466537127E-003  -7.8581809537902093E-003
   7.4491886172699251E-003  -9.1274924877899830E-003
   9.7895177887656164E-003  -1.0479907206325845E-002
   1.2548893314875289E-002  -1.1862927153862279E-002
   1.5740192907761453E-002  -1.3238101439333096E-002
   1.9474778173087470E-002  -1.4639707509035238E-002
   2.3969377660766244E-002  -1.6115407562467595E-002
   2.9529355450221294E-002  -1.7691025472264570E-002
   3.6398281901537606E-002  -1.9343134163133553E-002
   4.4479180079089312E-002  -2.0981951395777503E-002
   5.3408524927055390E-002  -2.2475871229528120E-002
   6.3052579943084067E-002  -2.3823274934445051E-002
   7.3320541646056892E-002  -2.5037507333392339E-002
   8.4034108495417661E-002  -2.6112841000382241E-002
   9.5003514720109136E-002  -2.7064595569493238E-002
  0.10611265969877290       -2.7875173482280184E-002
  0.11733525386887766       -2.8585803539784654E-002
  0.12866416752562029       -2.9193952176017855E-002
  0.14008204241449490       -2.9713055958624762E-002
  0.15156473653663705       -3.0150297386985093E-002
  0.16309314070449177       -3.0512544941606608E-002
  0.17465702329374766       -3.0806293430812749E-002
  0.18625442399156872       -3.1036901916973021E-002
  0.19788535043262678       -3.1209347812207491E-002
  0.20954793897927343       -3.1327255930432119E-002
  0.22123826545670311       -3.1393295786322738E-002
  0.23295140890805191       -3.1409457946137934E-002
  0.24468320395268317       -3.1377738897043823E-002
  0.25643056385653579       -3.1299988491123427E-002
  0.26819148925932457       -3.1177910375067418E-002
  0.27996471261059053       -3.1012825142672722E-002
  0.29174922100857864       -3.0805914298703295E-002
  0.30354419777481007       -3.0559082122471264E-002
  0.31534901474102323       -3.0274606147987534E-002
  0.32716304629936949       -2.9954749588813265E-002
  0.33898540839363606       -2.9601432047114885E-002
  0.35081491970324630       -2.9216103571303990E-002
  0.36265010683154497       -2.8800145878462538E-002
  0.37448940804985786       -2.8355184522282081E-002
  0.38633157688324760       -2.7883014866179195E-002
  0.39817577170196650       -2.7385377347300836E-002
  0.41002155785591443       -2.6863757574061373E-002
  0.42186886241815946       -2.6319644789769864E-002
  0.43371778297935148       -2.5754561059551637E-002
  0.44556849997743231       -2.5169712504530348E-002
  0.45742127441850289       -2.4566149054341836E-002
  0.46927643767951005       -2.3945000394794098E-002
  0.48113423801615351       -2.3307648520882424E-002
  0.49299464471658611       -2.2656039276303077E-002
  0.50485732199088640       -2.1991836083073573E-002
  0.51672162857039550       -2.1316319291254986E-002
  0.52858669425168503       -2.0630693274906853E-002
  0.54045172016206966       -1.9935841920978092E-002
  0.55231610859881686       -1.9232661780409388E-002
  0.56417946649785689       -1.8521806094394376E-002
  0.57604161826155054       -1.7803776488849673E-002
  0.58790275681444804       -1.7079006970264370E-002
  0.59976360694157183       -1.6347736507840820E-002
  0.61162544268417773       -1.5610253364918029E-002
  0.62349008474746703       -1.4866621816625221E-002
  0.63535957577661173       -1.4117762643896359E-002
  0.64723513419677758       -1.3365174307674208E-002
  0.65911677378358924       -1.2610373006439040E-002
  0.67100328777250684       -1.1854970926562024E-002
  0.68289237894144172       -1.1100026097155298E-002
  0.69478148254527705       -1.0346277094392653E-002
  0.70666828623498346       -9.5946380431478889E-003
  0.71855075976929972       -8.8466006114644464E-003
  0.73042714909268658       -8.1040302115731166E-003
  0.74229594191075043       -7.3694350128087000E-003
  0.75415587660567129       -6.6457886344800507E-003
  0.76600594764465613       -5.9355286575324797E-003
  0.77784542620512054       -5.2407569573970610E-003
  0.78967413732765412       -4.5639412293545546E-003
  0.80149276712737205       -3.9070526951335083E-003
  0.81330288577774668       -3.2724147271342408E-003
  0.82510660284843640       -2.6638061363676068E-003
  0.83690446408372521       -2.0867751218466885E-003
  0.84869408084205566       -1.5461767003535638E-003
  0.86047015624202305       -1.0436922841607311E-003
  0.87222634175936509       -5.7969717334770241E-004
  0.88395872185959545       -1.5638197067985676E-004
  0.89566642832275334        2.2117855154382698E-004
  0.90734858512862415        5.4621344930178223E-004
  0.91899610001491594        8.1315322477765097E-004
  0.93058951651222943        1.0181359217569369E-003
  0.94209948184187875        1.1517930739308960E-003
  0.95348760182261028        1.2029421852191857E-003
  0.96467233840809963        1.1511372488110989E-003
  0.97540892691634318        9.7930422089053315E-004
  0.98529696190894234        6.9180709243962845E-004
  0.99387830937085508        3.2135184045657830E-004
  0.99999999999999989        4.4305569901889261E-009
